P: 0,15,156 C: 0,4,2
P: 0,15,159 C: 0,6,4
P: 0,15,159 C: 0,6,4
P: 0,15,164 C: 0,6,2
P: 0,15,159 C: 0,6,6
P: 128,130,263 C: 0,4,0
P: 128,119,294 C: 0,6,4
P: 128,124,302 C: 0,6,4
P: 128,128,300 C: 0,4,0
P: 128,124,286 C: 0,6,4
P: 255,231,396 C: 0,6,4
P: 255,236,374 C: 0,4,0
P: 255,236,388 C: 0,4,4
P: 255,238,398 C: 0,6,6
P: 0,15,166 C: 0,4,4
P: 0,15,158 C: 0,4,4
P: 128,128,278 C: 0,4,0
P: 128,128,270 C: 0,6,0
P: 128,128,262 C: 0,6,4
P: 128,128,263 C: 0,4,4
P: 128,128,287 C: 0,4,6
P: 128,128,327 C: 0,7,6
P: 128,128,256 C: 0,4,6
P: 128,128,271 C: 0,6,2
P: 128,130,303 C: 0,4,4
P: 128,128,263 C: 0,6,2
P: 128,128,287 C: 0,2,6
P: 128,128,260 C: 0,6,2
P: 128,128,284 C: 0,4,0
P: 256,238,455 C: 0,6,6
P: 256,231,431 C: 0,6,2
P: 256,238,407 C: 0,6,4
P: 256,239,391 C: 0,4,2
P: 255,236,423 C: 0,6,4
P: 255,238,399 C: 0,6,0
P: 255,236,406 C: 0,7,6
P: 255,238,414 C: 0,6,4
P: 255,231,423 C: 0,6,4
P: 255,236,407 C: 0,4,4
P: 255,236,390 C: 0,6,2
P: 255,231,396 C: 0,4,4
P: 255,236,423 C: 0,6,2
P: 255,236,398 C: 0,6,4
P: 255,238,414 C: 0,6,4
P: 255,236,399 C: 0,4,4
P: 255,236,398 C: 0,6,6
P: 255,230,415 C: 0,2,6
P: 255,236,406 C: 0,4,2
P: 255,238,391 C: 0,4,4
P: 255,236,422 C: 0,4,4
P: 255,236,422 C: 0,6,4
P: 255,238,394 C: 0,4,4
P: 255,231,431 C: 0,7,6
P: 255,238,406 C: 0,6,2
P: 255,236,431 C: 0,2,2
P: 255,231,450 C: 0,2,4
P: 383,348,543 C: 0,6,2
P: 383,343,524 C: 0,0,4
P: 383,342,535 C: 0,4,4
P: 383,348,526 C: 0,4,4
P: 383,348,559 C: 0,6,2
P: 383,342,535 C: 0,6,6
P: 383,350,535 C: 0,6,4
P: 383,348,519 C: 0,6,2
P: 510,454,679 C: 0,6,6
P: 510,454,671 C: 0,6,4
P: 510,454,631 C: 0,2,0
P: 510,454,663 C: 0,6,4
P: 510,454,684 C: 0,6,4
P: 510,454,687 C: 0,4,2
P: 638,564,782 C: 0,4,2
P: 638,566,783 C: 0,6,4
P: 638,559,783 C: 0,0,0
P: 638,566,783 C: 0,4,4
P: 638,559,791 C: 0,4,0
P: 638,566,796 C: 0,6,4
P: 638,564,772 C: 0,4,4
P: 638,566,783 C: 0,6,6
P: 765,15,166 C: 0,6,4
P: 765,15,167 C: 0,4,6
P: 0,22,159 C: 0,4,2
P: 128,128,295 C: 0,6,4
P: 255,238,412 C: 0,7,6
P: 255,236,406 C: 0,6,6
P: 255,231,422 C: 0,4,4
P: 255,231,384 C: 0,4,6
P: 383,348,534 C: 0,2,0
P: 383,346,540 C: 0,4,2
P: 510,454,631 C: 0,6,4
P: 510,454,636 C: 0,7,6
P: 600,532,740 C: 0,4,4
P: 600,534,748 C: 0,6,0
P: 600,532,742 C: 0,7,4
P: 600,527,743 C: 0,6,4
P: 650,574,791 C: 0,6,4
P: 650,576,812 C: 0,4,4
P: 700,622,828 C: 0,6,2
P: 700,615,815 C: 0,6,0
P: 700,620,822 C: 0,4,7
P: 700,615,812 C: 0,6,6
P: 720,631,828 C: 0,6,6
P: 720,640,860 C: 0,2,4
P: 740,654,870 C: 0,2,4
P: 740,652,862 C: 0,6,4
P: 765,676,862 C: 0,6,4
P: 765,676,900 C: 0,6,4
P: 765,678,935 C: 0,4,4
P: 765,678,1015 C: 0,6,6
P: 765,674,886 C: 0,2,0
P: 765,676,896 C: 0,6,6
P: 765,671,878 C: 0,6,4
P: 765,676,878 C: 0,6,4
P: 765,671,974 C: 0,4,2
P: 765,671,874 C: 0,6,6
P: 765,671,855 C: 0,6,4
P: 765,676,940 C: 0,6,6
P: 765,671,943 C: 0,6,2
P: 800,708,886 C: 0,2,2
P: 800,706,911 C: 0,6,2
P: 800,708,962 C: 0,4,4
P: 800,708,898 C: 0,4,2
P: 830,732,1028 C: 0,4,4
P: 830,727,1094 C: 0,6,7
P: 850,750,974 C: 0,6,2
P: 850,750,974 C: 0,4,2
P: 860,756,996 C: 0,6,0
P: 860,756,950 C: 0,4,6
P: 870,764,972 C: 0,2,4
P: 870,766,1068 C: 0,6,4
P: 880,774,958 C: 0,4,4
P: 880,775,1090 C: 0,4,0
P: 893,774,1062 C: 0,4,0
P: 893,783,982 C: 0,6,2
P: 893,782,1007 C: 0,6,6
P: 893,783,1124 C: 0,6,6
P: 893,782,1100 C: 0,6,0
P: 893,782,1054 C: 0,6,2
P: 893,782,1102 C: 0,4,4
P: 900,791,998 C: 0,6,4
P: 900,790,967 C: 0,4,6
P: 920,806,1054 C: 0,6,4
P: 920,806,1119 C: 0,4,2
P: 940,15,166 C: 0,4,4
P: 0,15,159 C: 0,6,4
P: 0,15,158 C: 0,6,4
P: 0,15,158 C: 0,6,4
P: 0,14,158 C: 0,6,4
P: 500,14,159 C: 0,2,2
P: 500,15,167 C: 0,4,4
P: 0,15,156 C: 0,6,6
P: 0,15,158 C: 0,0,4
P: 0,14,156 C: 0,6,6
