P: 0,20,156 C: 0,4,4
P: 0,15,162 C: 0,6,4
P: 0,15,158 C: 0,4,6
P: 0,14,159 C: 0,4,4
P: 0,20,158 C: 0,4,4
P: 0,15,158 C: 0,6,4
P: 0,15,150 C: 0,4,4
P: 0,15,159 C: 0,4,4
P: 0,15,159 C: 0,6,2
P: 0,15,159 C: 0,6,6
P: 0,15,159 C: 0,6,6
P: 0,15,162 C: 0,4,4
P: 0,22,166 C: 0,6,3
P: 0,15,158 C: 0,6,2
P: 0,14,166 C: 0,4,0
P: 0,14,159 C: 0,4,2
P: 0,15,159 C: 0,2,3
P: 0,22,150 C: 0,4,4
P: 0,15,159 C: 0,6,6
P: 0,15,159 C: 0,6,6
P: 0,15,158 C: 0,6,4
P: 0,15,158 C: 0,6,6
P: 0,22,156 C: 0,6,4
P: 0,15,158 C: 0,6,4
P: 0,15,156 C: 0,4,4
P: 0,20,158 C: 0,6,4
P: 0,15,158 C: 0,6,6
P: 0,15,162 C: 0,6,6
P: 0,15,159 C: 0,6,4
P: 0,15,158 C: 0,6,4
P: 0,22,158 C: 0,6,6
P: 0,14,166 C: 0,6,7
P: 0,20,167 C: 0,0,2
P: 0,15,158 C: 0,4,0
P: 0,14,159 C: 0,6,6
P: 0,15,158 C: 0,4,4
P: 0,15,159 C: 0,4,4
P: 0,15,156 C: 0,6,3
P: 0,14,159 C: 0,7,4
P: 0,22,156 C: 0,4,4
P: 0,15,166 C: 0,2,2
P: 0,15,159 C: 0,6,4
P: 0,20,159 C: 0,6,6
P: 0,15,162 C: 0,4,4
P: 0,15,159 C: 0,4,7
P: 0,15,151 C: 0,4,6
P: 0,15,156 C: 0,4,6
P: 0,20,159 C: 0,6,6
P: 0,15,156 C: 0,4,4
P: 0,22,158 C: 0,6,4
P: 0,15,159 C: 0,4,2
P: 0,14,166 C: 0,7,4
P: 0,15,158 C: 0,4,0
P: 0,15,158 C: 0,4,4
P: 0,22,158 C: 0,4,7
P: 0,15,159 C: 0,4,6
P: 0,14,162 C: 0,4,4
P: 0,15,158 C: 0,4,6
P: 0,22,159 C: 0,6,6
P: 0,15,159 C: 0,4,4
P: 0,15,158 C: 0,6,12
P: 0,15,164 C: 0,6,2
P: 0,15,158 C: 0,6,2
P: 0,15,159 C: 0,4,4
P: 0,15,162 C: 0,4,4
P: 0,15,166 C: 0,6,4
P: 0,15,158 C: 0,2,2
P: 0,15,162 C: 0,4,0
P: 0,14,166 C: 0,6,6
P: 0,15,159 C: 0,4,4
P: 0,15,158 C: 0,4,4
P: 0,14,159 C: 0,6,4
P: 0,14,159 C: 0,2,2
P: 0,15,159 C: 0,6,2
P: 0,15,158 C: 0,4,4
P: 0,20,156 C: 0,6,4
P: 0,22,158 C: 0,6,4
P: 0,15,158 C: 0,4,7
P: 0,15,159 C: 0,4,0
P: 0,15,156 C: 0,4,0
P: 0,15,158 C: 0,6,4
P: 0,15,159 C: 0,6,4
P: 0,15,158 C: 0,2,2
P: 0,15,159 C: 0,2,2
P: 0,22,159 C: 0,6,4
P: 0,15,159 C: 0,4,4
P: 0,15,158 C: 0,6,4
P: 0,15,156 C: 255,222,60
P: 0,22,150 C: 255,220,54
P: 0,15,158 C: 255,220,47
P: 0,14,158 C: 255,215,55
P: 0,20,164 C: 255,215,54
P: 0,15,151 C: 255,220,54
P: 0,15,156 C: 255,222,62
P: 0,15,164 C: 255,215,54
P: 0,15,159 C: 255,222,55
P: 0,15,156 C: 255,214,54
P: 0,15,156 C: 255,215,55
P: 0,14,158 C: 255,222,60
P: 0,14,159 C: 255,220,55
P: 0,14,166 C: 255,220,62
P: 0,15,159 C: 255,220,54
P: 0,15,158 C: 255,214,54
P: 0,15,164 C: 255,222,55
P: 0,23,156 C: 255,222,54
P: 0,15,151 C: 255,215,55
P: 0,15,158 C: 255,220,54
P: 0,14,164 C: 510,431,111
P: 0,15,151 C: 510,431,110
P: 0,15,158 C: 510,431,111
P: 0,14,150 C: 510,430,108
P: 0,15,159 C: 510,431,108
P: 0,14,158 C: 510,430,103
P: 0,15,151 C: 510,438,110
P: 0,14,166 C: 510,431,103
P: 0,15,150 C: 510,431,110
P: 0,15,159 C: 510,431,110
P: 0,14,151 C: 510,438,111
P: 0,14,158 C: 510,431,110
P: 0,15,150 C: 765,650,159
P: 0,15,151 C: 765,647,166
P: 0,14,150 C: 765,652,159
P: 0,14,143 C: 765,647,159
P: 0,15,159 C: 765,646,159
P: 0,15,158 C: 765,652,159
P: 0,14,150 C: 765,650,159
P: 0,12,159 C: 765,647,159
P: 0,14,159 C: 765,646,159
P: 0,14,143 C: 765,652,159
P: 0,15,150 C: 765,646,159
P: 0,15,156 C: 1020,862,215
P: 0,15,156 C: 1020,862,215
P: 0,14,158 C: 1020,862,215
P: 0,14,159 C: 1020,863,215
P: 0,14,151 C: 1020,863,220
P: 0,14,151 C: 1020,863,215
P: 0,14,159 C: 1020,863,214
P: 0,14,150 C: 1020,862,214
P: 0,15,151 C: 1020,863,214
P: 0,15,158 C: 1275,1079,270
P: 0,15,164 C: 1275,1076,268
P: 0,14,148 C: 1275,1078,270
P: 0,14,143 C: 1275,1078,268
P: 0,12,158 C: 1275,1071,270
P: 0,7,150 C: 1275,1078,268
P: 0,14,142 C: 1275,1078,268
P: 0,12,151 C: 1275,1082,270
P: 0,12,150 C: 1275,1078,268
P: 0,14,142 C: 1530,1292,324
P: 0,12,143 C: 1530,1290,322
P: 0,14,151 C: 1530,1292,324
P: 0,14,156 C: 1530,1295,326
P: 0,7,143 C: 1530,1292,318
P: 0,14,158 C: 1530,1295,324
P: 0,14,158 C: 1530,1294,324
P: 0,14,151 C: 1530,1294,324
P: 0,15,142 C: 1530,1294,320
P: 0,15,156 C: 1530,1292,326
P: 0,12,158 C: 1530,1287,322
P: 0,7,158 C: 1530,1292,322
P: 0,12,143 C: 1785,1506,374
P: 0,14,158 C: 1785,1506,374
P: 0,14,142 C: 1785,1503,367
P: 0,8,151 C: 1785,1508,374
P: 0,7,143 C: 1785,1506,375
P: 0,12,150 C: 1785,1508,374
P: 0,12,150 C: 1785,1502,374
P: 0,12,150 C: 1785,1508,374
P: 0,7,158 C: 1785,1508,374
P: 0,12,142 C: 1785,1503,375
P: 0,7,143 C: 1785,1508,374
P: 0,7,135 C: 1785,1502,380
P: 0,14,142 C: 1785,1502,374
P: 0,7,143 C: 1785,1503,374
P: 0,14,135 C: 1785,1508,374
P: 0,12,143 C: 2040,1724,430
P: 0,12,151 C: 2040,1726,430
P: 0,14,148 C: 2040,1720,430
P: 0,7,150 C: 2040,1724,423
P: 0,12,150 C: 2040,1719,423
P: 0,14,134 C: 2040,1719,430
P: 0,7,142 C: 2040,1724,423
P: 0,12,158 C: 2040,1720,431
P: 0,12,148 C: 2040,1720,430
P: 0,12,143 C: 2040,1719,430
P: 0,14,150 C: 2040,1726,430
P: 0,7,150 C: 2040,1724,430
P: 0,12,150 C: 2040,1724,430
P: 0,6,150 C: 2295,1938,478
P: 0,12,140 C: 2295,1935,479
P: 0,12,150 C: 2295,1935,479
P: 0,6,150 C: 2295,1940,479
P: 0,7,151 C: 2295,1934,479
P: 0,7,156 C: 2295,1935,484
P: 0,6,151 C: 2295,1934,479
P: 0,12,143 C: 2295,1942,479
P: 0,7,143 C: 2295,1934,479
P: 0,6,140 C: 2550,2155,535
P: 0,6,143 C: 2550,2146,535
P: 0,4,135 C: 2550,2156,535
P: 0,6,142 C: 2550,2152,535
P: 0,7,143 C: 2550,2148,540
P: 0,6,142 C: 2550,2151,542
P: 0,7,142 C: 2550,2148,534
P: 0,6,128 C: 2550,2148,534
P: 0,6,124 C: 2805,2359,590
P: 0,6,134 C: 2805,2364,583
P: 0,2,128 C: 2805,2368,590
P: 0,6,128 C: 2805,2375,591
P: 0,6,134 C: 2805,2362,591
P: 0,6,140 C: 2805,2366,590
P: 0,4,135 C: 2805,2362,590
P: 0,4,128 C: 3060,2582,646
P: 0,6,142 C: 3060,2575,644
P: 0,2,140 C: 3060,2580,646
P: 0,4,134 C: 3060,2580,644
P: 0,6,128 C: 3060,2580,644
P: 0,4,134 C: 3060,2582,646
P: 0,4,134 C: 3060,2578,646
P: 0,0,124 C: 3315,2790,694
P: 0,0,134 C: 3315,2796,695
P: 0,2,118 C: 3315,2792,700
P: 0,6,135 C: 3315,2786,695
P: 0,4,124 C: 3315,2783,694
P: 0,2,142 C: 3315,2798,695
P: 0,2,140 C: 3315,2798,695
P: 0,0,124 C: 3315,2788,700
P: 0,0,110 C: 3570,3010,750
P: 0,0,135 C: 3570,3003,750
P: 0,0,134 C: 3570,3007,751
P: 0,0,134 C: 3570,3008,751
P: 0,0,118 C: 3570,3004,751
P: 0,0,132 C: 3570,3006,751
P: 0,0,128 C: 3570,3007,751
P: 0,0,116 C: 3570,3006,750
P: 0,2,118 C: 3825,3212,806
P: 0,2,92 C: 3825,3221,807
P: 0,2,110 C: 3825,3218,806
P: 0,0,110 C: 3825,3215,807
P: 0,0,128 C: 3825,3223,806
P: 0,0,111 C: 3825,3214,806
P: 0,0,128 C: 3825,3210,806
P: 0,0,119 C: 3825,3218,806
P: 0,0,110 C: 3825,3219,812
P: 0,0,87 C: 3825,3220,808
P: 0,0,94 C: 3825,3220,807
P: 0,0,130 C: 3825,3220,812
P: 0,4,98 C: 4080,3343,839
P: 0,0,86 C: 4080,3354,839
P: 0,0,124 C: 4080,3347,838
P: 0,0,119 C: 4080,3358,846
P: 0,0,111 C: 4080,3356,846
P: 0,0,124 C: 4080,3346,839
P: 0,0,118 C: 4080,3346,844
P: 0,4,118 C: 4080,3350,844
P: 0,2,128 C: 4080,3359,842
P: 0,0,102 C: 4080,3358,847
P: 0,2,128 C: 4080,3348,839
P: 0,2,103 C: 4080,3354,847
P: 0,0,110 C: 4080,3362,847
P: 0,0,103 C: 4080,3354,846
P: 0,0,118 C: 4080,3360,846
P: 0,0,124 C: 4080,3360,847
P: 0,0,118 C: 4080,3354,846
P: 0,0,128 C: 4080,3359,846
P: 0,0,124 C: 4080,3356,847
P: 0,0,124 C: 4080,3360,846
P: 0,0,128 C: 4080,3350,847
P: 0,0,111 C: 4080,3352,847
P: 0,0,131 C: 4080,3363,846
P: 0,0,103 C: 4080,3358,847
P: 0,0,118 C: 4080,3358,844
P: 0,0,108 C: 4080,3363,847
P: 0,0,118 C: 4080,3352,847
P: 0,0,111 C: 4080,3359,846
P: 0,0,110 C: 4080,3362,854
P: 0,0,128 C: 4080,3351,847
P: 0,0,102 C: 4080,3356,854
P: 0,2,118 C: 4080,3358,844
P: 0,4,110 C: 4080,3350,846
P: 0,0,128 C: 4080,3359,847
P: 0,0,126 C: 4080,3354,847
P: 0,2,128 C: 4080,3364,854
P: 0,2,108 C: 4080,3356,854
P: 0,0,119 C: 4080,3359,847
P: 0,0,130 C: 4080,3352,846
P: 0,0,124 C: 4080,3362,854
P: 0,2,102 C: 4095,3354,846
P: 0,4,102 C: 4095,3358,847
P: 0,2,103 C: 4095,3364,852
P: 0,0,128 C: 4095,3362,847
P: 0,0,132 C: 4095,3362,847
P: 0,4,100 C: 4095,3370,855
P: 0,0,87 C: 4095,3366,855
P: 0,2,119 C: 4095,3362,847
P: 0,2,110 C: 4095,3367,855
P: 0,2,124 C: 4095,3358,855
P: 0,2,118 C: 4095,3364,854
P: 0,0,108 C: 4095,3366,847
P: 0,0,118 C: 4095,3366,847
P: 0,0,130 C: 4095,3358,855
P: 0,0,119 C: 4095,3358,854
P: 0,4,103 C: 4095,3366,854
P: 0,0,95 C: 4095,3367,854
P: 0,2,118 C: 4095,3366,847
P: 0,0,111 C: 4095,3366,854
P: 0,0,128 C: 4095,3369,854
P: 0,15,151 C: 0,126,15
P: 0,15,158 C: 0,7,6
P: 0,15,158 C: 0,6,6
P: 0,20,166 C: 0,6,4
P: 0,15,151 C: 0,4,4
P: 0,15,159 C: 0,6,6
P: 0,15,159 C: 0,6,7
P: 0,15,159 C: 0,6,6
P: 0,22,156 C: 0,4,4
P: 0,15,159 C: 0,4,4
P: 0,20,156 C: 0,6,4
P: 0,15,162 C: 0,6,4
P: 0,14,158 C: 0,4,2
P: 0,15,158 C: 0,6,2
P: 0,14,159 C: 0,4,2
P: 0,15,158 C: 0,4,0
P: 0,14,158 C: 0,6,6
P: 0,15,151 C: 0,6,6
P: 0,14,159 C: 0,4,6
P: 0,15,159 C: 0,4,4
P: 0,15,166 C: 0,6,4
P: 0,14,158 C: 0,6,135
P: 0,20,150 C: 0,6,223
P: 0,15,166 C: 0,6,215
P: 0,14,166 C: 0,6,230
P: 0,15,156 C: 0,6,223
P: 0,15,158 C: 0,6,231
P: 0,15,162 C: 0,6,2
P: 0,15,158 C: 0,6,2
P: 0,15,159 C: 0,6,6
P: 0,14,156 C: 0,4,4
P: 0,15,158 C: 0,4,4
P: 0,374,1335 C: 0,76,38
P: 0,367,1342 C: 0,78,38
