P: 0,4021,22,172 C: 0,4079,12,12
P: 256,4021,15,174 C: 0,4079,6,7
P: 0,4021,20,158 C: 0,4079,4,6
P: 103,4021,108,164 C: 0,4079,6,10
P: 154,4021,156,182 C: 0,4079,10,10
P: 205,4021,198,175 C: 0,4079,12,7
P: 256,4021,238,166 C: 0,4079,6,6
P: 308,4021,284,188 C: 0,4079,8,4
P: 359,4021,332,174 C: 0,4079,6,4
P: 410,4021,374,166 C: 0,4079,6,6
P: 461,4021,415,172 C: 0,4079,7,6
P: 513,4021,462,174 C: 0,4079,6,6
P: 564,4021,508,159 C: 0,4079,6,6
P: 615,4021,548,164 C: 0,4079,8,6
P: 667,4021,591,159 C: 0,4079,6,6
P: 718,4021,640,164 C: 0,4079,8,6
P: 769,4021,680,166 C: 0,4079,6,6
P: 820,4021,726,174 C: 0,4079,10,6
P: 872,4021,772,159 C: 0,4079,6,7
P: 923,4021,814,159 C: 0,4079,12,6
P: 974,4021,860,172 C: 0,4079,7,6
P: 1025,4021,902,166 C: 0,4079,6,7
P: 1128,4021,996,172 C: 0,4079,6,6
P: 1231,4021,1084,158 C: 0,4079,6,6
P: 1333,4021,1172,164 C: 0,4079,6,7
P: 1436,4021,1260,158 C: 0,4079,6,8
P: 1538,4021,1340,175 C: 0,4079,12,10
P: 1641,4021,1434,167 C: 0,4079,6,6
P: 1743,4021,1524,164 C: 0,4079,6,6
P: 1846,4021,1614,174 C: 0,4079,6,4
P: 1948,4021,1698,172 C: 0,4079,6,4
P: 2051,4021,1788,158 C: 0,4079,6,6
