P: 0,22,159 C: 0,6,6
P: 0,15,159 C: 0,6,4
P: 0,22,158 C: 0,6,4
P: 0,15,159 C: 0,6,6
P: 0,15,158 C: 0,6,2
P: 0,15,158 C: 0,12,6
P: 0,20,164 C: 0,6,4
P: 0,15,164 C: 0,4,2
P: 0,14,172 C: 0,6,6
P: 0,15,164 C: 0,4,6
P: 0,14,164 C: 0,2,7
P: 0,15,162 C: 0,7,6
P: 0,15,151 C: 0,4,2
P: 0,22,159 C: 0,6,4
P: 0,15,150 C: 0,2,2
P: 0,15,166 C: 0,4,0
P: 0,15,166 C: 0,6,6
P: 0,22,159 C: 0,6,4
P: 0,15,158 C: 0,6,6
P: 0,15,158 C: 0,4,4
P: 0,15,156 C: 0,6,4
P: 0,15,166 C: 0,4,4
P: 0,15,158 C: 0,6,7
P: 0,15,159 C: 0,7,6
P: 0,22,156 C: 0,6,6
P: 0,14,159 C: 0,6,6
P: 0,15,164 C: 0,4,4
P: 0,15,159 C: 0,6,6
P: 0,15,159 C: 0,4,2
P: 0,15,150 C: 0,6,2
P: 0,15,166 C: 0,6,6
P: 0,15,158 C: 0,6,2
P: 0,15,166 C: 0,2,2
P: 0,15,162 C: 0,4,4
P: 0,15,151 C: 0,2,2
P: 0,15,164 C: 0,7,4
P: 0,15,166 C: 0,6,4
P: 0,15,158 C: 0,4,4
P: 100,15,159 C: 0,6,4
P: 100,100,164 C: 0,6,6
P: 100,103,158 C: 0,7,6
P: 200,188,164 C: 0,6,4
P: 200,183,158 C: 0,6,2
P: 100,103,158 C: 0,4,6
P: 100,102,159 C: 0,12,4
P: 100,104,164 C: 0,4,2
P: 200,188,196 C: 0,6,4
P: 200,188,162 C: 0,4,4
P: 200,188,174 C: 0,7,6
P: 300,270,207 C: 0,4,2
P: 300,271,162 C: 0,6,6
P: 400,358,172 C: 0,4,4
P: 400,358,175 C: 0,6,6
P: 500,450,174 C: 0,2,0
P: 500,450,183 C: 0,4,4
P: 500,446,172 C: 0,4,2
P: 600,534,175 C: 0,6,2
P: 600,534,167 C: 0,4,4
P: 700,622,182 C: 0,6,4
P: 700,620,166 C: 0,6,4
P: 700,622,175 C: 0,6,6
P: 800,710,199 C: 0,6,4
P: 800,706,175 C: 0,6,6
P: 800,708,196 C: 0,6,4
P: 900,790,180 C: 0,6,0
P: 900,791,174 C: 0,2,6
P: 1000,879,175 C: 0,6,4
P: 1000,879,151 C: 0,6,4
P: 1000,878,166 C: 0,4,2
P: 1100,964,188 C: 0,2,0
P: 1100,964,175 C: 0,4,4
P: 1100,964,188 C: 0,4,6
P: 1200,1052,228 C: 0,6,6
P: 1200,1046,174 C: 0,6,4
P: 1200,1052,183 C: 0,6,0
P: 1200,1052,166 C: 0,4,2
P: 1300,1135,174 C: 0,6,4
P: 1300,1134,172 C: 0,6,4
P: 1300,1135,151 C: 0,4,4
P: 1400,1223,214 C: 0,6,4
P: 1400,1222,230 C: 0,6,0
P: 1400,1220,204 C: 0,6,6
P: 1500,1303,175 C: 0,4,2
P: 1500,1310,196 C: 0,6,2
P: 1500,1310,175 C: 0,4,0
P: 1500,1308,174 C: 0,4,4
P: 1600,1396,159 C: 0,6,2
P: 1600,1391,166 C: 0,6,2
P: 1600,1398,206 C: 0,6,0
P: 1700,1442,207 C: 0,2,4
P: 1700,1484,175 C: 0,6,6
P: 1700,1484,196 C: 0,6,2
P: 1700,1478,207 C: 0,6,2
P: 1800,1567,199 C: 0,7,4
P: 1800,1566,194 C: 0,4,4
P: 1800,1566,198 C: 0,6,4
P: 1800,1567,192 C: 0,4,0
P: 1900,1650,214 C: 0,6,2
P: 1900,1654,198 C: 0,6,6
P: 1900,1647,198 C: 0,4,0
P: 1900,1655,198 C: 0,2,3
P: 2000,1740,190 C: 0,6,4
P: 2000,1738,204 C: 0,4,4
P: 2000,1740,199 C: 0,4,2
P: 2100,1823,204 C: 0,6,6
P: 2100,1826,198 C: 0,6,4
P: 2100,1823,199 C: 0,6,2
P: 2100,1830,207 C: 0,6,6
P: 2200,1916,194 C: 0,6,6
P: 2200,1916,198 C: 0,6,6
P: 2200,1914,204 C: 0,0,4
P: 2200,1912,199 C: 0,4,6
P: 2300,1996,214 C: 0,6,6
P: 2300,1998,207 C: 0,6,4
P: 2300,1998,206 C: 0,6,2
P: 2400,2079,204 C: 0,6,6
P: 2400,2080,214 C: 0,6,2
P: 2400,2090,207 C: 0,6,4
P: 2500,2174,204 C: 0,6,6
P: 2500,2172,206 C: 0,6,0
P: 2500,2167,207 C: 0,4,4
P: 2500,2167,207 C: 0,6,4
P: 2600,2260,207 C: 0,4,4
P: 2600,2255,215 C: 0,4,2
P: 2600,2254,204 C: 0,4,4
P: 2700,2342,220 C: 0,6,2
P: 2700,2346,206 C: 0,6,4
P: 2700,2342,206 C: 0,7,7
P: 2800,2432,215 C: 0,6,2
P: 2800,2434,223 C: 0,7,4
P: 2800,2434,222 C: 0,2,6
P: 2800,2432,238 C: 0,6,2
P: 2900,2522,214 C: 0,4,4
P: 2900,2514,223 C: 0,6,6
P: 2900,2511,223 C: 0,4,2
P: 2900,2518,220 C: 0,4,6
P: 3000,2604,238 C: 0,2,0
P: 3000,2594,223 C: 0,4,0
P: 3000,2598,214 C: 0,4,4
P: 3000,2596,223 C: 0,7,6
P: 3100,2694,222 C: 0,6,2
P: 3100,2688,222 C: 0,4,2
P: 3100,2690,230 C: 0,6,6
P: 3100,2692,222 C: 0,6,6
P: 3200,2770,239 C: 0,6,6
P: 3200,2772,222 C: 0,6,6
P: 3200,2766,238 C: 0,6,4
P: 3200,2772,238 C: 0,6,6
P: 3200,2774,239 C: 0,6,4
P: 3300,2862,230 C: 0,4,4
P: 3300,2858,212 C: 0,6,0
P: 3300,2854,238 C: 0,7,7
P: 3300,2855,212 C: 0,4,6
P: 3300,2855,223 C: 0,4,0
P: 3300,2855,234 C: 0,6,6
P: 3400,2949,220 C: 0,6,6
P: 3400,2946,236 C: 0,4,4
P: 3400,2944,214 C: 0,4,4
P: 3400,2946,214 C: 0,6,4
P: 3500,3034,230 C: 0,6,0
P: 3500,3030,239 C: 0,7,6
P: 3500,3034,238 C: 0,6,6
P: 3500,3036,228 C: 0,6,6
P: 3600,3111,238 C: 0,4,0
P: 3600,3120,239 C: 0,4,0
P: 3600,3124,238 C: 0,4,4
P: 3600,3122,238 C: 0,4,4
P: 3600,3118,239 C: 0,4,4
P: 3700,3210,230 C: 0,7,2
P: 3700,3198,236 C: 0,4,0
P: 3700,3210,223 C: 0,7,4
P: 3700,3202,230 C: 0,6,2
P: 3800,3290,226 C: 0,6,2
P: 3800,3292,246 C: 0,6,6
P: 3800,3287,239 C: 0,4,4
P: 3800,3292,238 C: 0,6,4
P: 3900,3372,247 C: 0,6,4
P: 3900,3380,262 C: 0,6,4
P: 3900,3378,239 C: 0,2,6
P: 3900,3368,231 C: 0,6,4
P: 3900,3373,256 C: 0,4,2
P: 4000,3458,239 C: 0,4,0
P: 4000,3460,246 C: 0,6,4
P: 4000,3466,246 C: 0,4,0
P: 4000,3466,239 C: 0,4,6
P: 4000,3468,246 C: 0,4,2
P: 4000,3458,262 C: 0,6,0
P: 4000,3458,230 C: 0,4,4
P: 4095,3545,232 C: 0,4,0
P: 4095,3540,230 C: 0,6,2
P: 4095,3548,256 C: 0,4,2
P: 4095,3536,236 C: 0,4,4
P: 4095,3544,238 C: 0,4,4
P: 4095,3548,256 C: 0,6,4
P: 4095,3546,238 C: 0,6,4
P: 4095,3548,252 C: 0,4,4
P: 4095,3540,238 C: 0,4,2
P: 4095,3537,262 C: 0,4,4
P: 4095,3546,231 C: 0,6,0
P: 4095,3544,254 C: 0,6,2
P: 4095,3540,247 C: 0,4,4
P: 4095,3538,246 C: 0,6,2
P: 4095,3543,223 C: 0,2,2
P: 4095,3550,246 C: 0,2,2
P: 4095,3543,231 C: 0,4,6
P: 4095,3543,256 C: 0,6,6
P: 4095,3546,254 C: 0,4,2
P: 4095,3542,268 C: 0,4,4
P: 4095,3542,223 C: 0,2,2
P: 4095,3544,247 C: 0,4,4
P: 4095,3542,239 C: 0,6,2
P: 4095,3552,239 C: 0,4,4
P: 4095,3548,247 C: 0,6,6
P: 4095,3540,230 C: 0,4,2
P: 4095,3542,247 C: 0,4,4
P: 4095,3539,223 C: 0,4,4
P: 4095,3542,268 C: 0,4,4
P: 4095,3540,256 C: 0,4,4
P: 4095,3547,236 C: 0,6,6
P: 4095,3534,238 C: 0,6,0
P: 4095,3546,247 C: 0,6,4
P: 0,1430,164 C: 0,2,0
